3
3
3
3
3
3
3
3
3
3
3
2
2
3
2
2
2
2
1
1
1
1
1
1
0
0
0
0
0
0
0
0
0
0
0
0
-1
-1
-1
-1
-1
-1
-1
-1
-1
-1
-1
-1
-2
-2
-2
-2
-2
-1
-2
-2
-2
-2
-2
-1
-1
-1
-1
-1
-1
0
0
-1
0
0
0
0
0
0
0
0
0
0
0
0
0
0
0
0
0
0
0
0
1
1
1
1
1
1
1
2
2
2
2
2
2
2
3
3
3
3
3
3
3
3
3
3
3
3
3
3
3
3
3
3
3
3
4
3
3
3
3
3
3
3
3
3
3
3
3
3
3
3
3
3
3
3
3
3
3
3
3
3
3
3
3
3
3
3
3
3
3
3
3
3
3
3
3
3
3
3
3
3
3
3
3
3
3
3
3
3
3
3
3
3
3
3
3
3
3
3
3
3
3
3
3
3
3
3
3
4
5
5
5
0
-4
-7
-9
-13
-17
-19
-22
-25
-29
-30
-32
-36
-40
-42
-44
-52
-59
-63
-65
-66
-66
-66
-66
-66
-66
-66
-64
-50
-38
-31
-26
-20
-15
-12
-9
-2
4
8
10
15
19
22
23
24
24
24
23
17
12
9
7
6
6
5
5
5
5
5
4
4
4
4
4
4
4
3
3
3
3
3
3
3
3
3
3
3
3
3
3
3
3
3
3
3
3
3
3
3
3
3
3
3
3
3
3
3
3
3
3
3
3
3
3
3
3
3
3
3
3
3
3
3
3
3
3
3
4
3
3
3
3
3
3
3
3
3
3
3
3
3
3
3
3
3
3
3
3
3
3
3
4
3
3
3
3
3
3
2
2
2
2
2
2
2
2
2
2
2
2
2
2
2
2
2
2
2
2
2
2
2
1
1
1
1
1
1
0
0
0
0
0
0
0
0
0
0
0
0
0
0
0
0
0
0
0
0
0
0
0
-1
0
0
-1
-1
-1
-1
-1
-1
-1
-1
-2
-2
-2
-2
-2
-2
-2
-2
-2
-3
-3
-2
-3
-3
-3
-3
-3
-4
-4
-4
-4
-4
-4
-4
-4
-4
-4
-4
-4
-5
-5
-5
-5
-4
-5
-5
-5
-5
-5
-6
-6
-6
-6
-6
-6
-7
-7
-7
-7
-7
-7
-7
-7
-7
-8
-8
-8
-8
-8
-8
-9
-9
-9
-9
-9
-9
-9
-9
-9
-9
-10
-9
-10
-10
-10
-9
-10
-10
-10
-10
-10
-10
-10
-11
-11
-11
-11
-11
-11
-11
-11
-11
-11
-11
-11
-11
-11
-11
-11
-12
-12
-12
-12
-12
-12
-12
-12
-12
-12
-12
-12
-12
-12
-11
-11
-11
-11
-11
-11
-11
-11
-11
-11
-11
-10
-10
-10
-10
-10
-10
-10
-10
-9
-9
-10
-9
-9
-9
-8
-8
-8
-8
-7
-7
-7
-7
-7
-7
-7
-6
-6
-6
-5
-5
-4
-4
-3
-3
-3
-3
-3
-2
-2
-2
-2
-1
-1
-1
0
0
0
0
0
1
1
2
2
2
3
3
3
3
4
3
4
3
4
4
3
3
3
4
4
3
4
4
4
4
4
4
4
4
4
4
4
4
4
4
3
3
4
4
3
3
3
3
4
3
4
4
4
4
4
4
4
4
4
4
4
3
3
3
3
4
4
3
4
4
4
4
4
4
3
4
4
4
4
3
4
4
3
3
3
3
4
3
3
4
3
4
4
4
4
4
4
4
4
3
3
3
3
3
4
3
3
4
3
3
4
4
3
3
4
3
3
3
4
3
4
3
3
3
4
3
3
3
3
3
3
3
3
3
3
3
3
3
3
3
3
4
3
3
3
4
3
3
4
3
3
3
3
4
3
4
4
3
3
4
3
3
3
3
3
3
3
3
3
3
3
4
4
3
3
3
3
3
3
3
3
4
3
3
3
3
4
4
4
4
4
4
3
4
4
3
4
4
3
4
3
3
3
3
3
3
3
3
3
4
4
3
3
3
3
3
3
3
3
3
3
3
3
3
3
3
3
3
3
3
3
3
3
3
3
3
3
3
4
3
3
3
3
4
3
3
3
3
4
3
3
3
3
3
3
3
3
3
3
3
3
3
4
3
3
4
3
3
3
3
3
3
4
3
4
3
3
4
3
3
3
3
3
3
3
3
3
3
3
3
3
3
3
3
3
3
3
3
3
3
3
3
3
3
3
3
3
3
3
3
3
3
3
3
3
3
3
3
3
3
3
3
3
3
3
3
3
3
3
3
3
3
3
3
3
3
3
3
3
3
4
3
3
3
3
3
3
3
3
3
3
3
4
3
3
3
3
3
3
3
3
3
3
3
3
3
3
3
3
3
3
3
3
3
3
3
3
3
3
4
3
3
3
3
3
3
3
3
3
3
3
3
3
3
3
3
3
3
3
3
3
3
3
3
3
3
3
3
4
3
3
3
3
3
3
4
3
3
3
3
3
3
3
3
3
3
3
3
3
3
3
3
2
2
2
2
2
2
2
1
1
1
1
1
1
0
0
0
0
0
0
0
0
0
0
0
0
0
0
0
-1
-1
-1
-1
-1
-1
-1
-1
-1
-1
-2
-2
-2
-2
-2
-2
-2
-2
-2
-2
-2
-1
-1
-1
-1
-1
-1
-1
-1
-1
-1
-1
0
0
0
0
0
0
0
0
0
0
0
0
0
0
0
0
0
1
1
1
1
1
1
1
1
2
2
2
2
2
2
2
3
3
3
3
3
3
3
3
3
3
3
3
3
3
3
3
3
3
3
3
3
3
3
3
3
3
3
3
3
3
3
3
3
3
3
3
3
3
3
3
3
3
3
3
3
3
3
3
3
3
3
3
3
4
3
3
3
3
3
3
3
3
3
4
3
3
3
3
3
3
3
3
3
3
3
3
3
3
3
3
3
3
3
3
3
3
3
3
3
3
3
3
4
5
5
5
1
-3
-6
-8
-12
-17
-19
-21
-25
-28
-30
-32
-35
-39
-42
-43
-50
-57
-62
-64
-65
-66
-66
-66
-66
-66
-66
-65
-53
-41
-32
-28
-21
-15
-12
-10
-3
3
7
10
15
19
21
23
24
24
24
24
19
13
10
8
6
6
5
5
5
5
5
5
4
4
4
4
4
4
4
3
3
3
3
3
3
3
3
3
3
3
4
3
3
3
3
3
3
3
3
3
3
3
3
3
4
3
3
3
3
3
3
3
3
3
3
3
3
3
3
3
3
3
3
4
4
3
3
3
3
3
3
3
3
3
3
3
3
3
3
3
3
3
3
3
3
3
3
3
3
3
3
3
3
3
3
3
3
3
2
3
2
2
2
2
2
2
2
2
2
2
2
2
2
2
2
1
2
2
1
2
2
2
1
1
1
1
1
1
1
1
1
0
0
0
0
0
0
0
0
0
0
0
0
0
0
0
0
0
0
0
0
0
0
0
0
0
-1
-1
-1
-1
-1
-1
-1
-1
-2
-2
-2
-2
-2
-2
-2
-2
-2
-2
-3
-3
-3
-3
-3
-3
-3
-4
-4
-4
-4
-4
-4
-4
-4
-4
-4
-4
-4
-5
-4
-5
-5
-5
-5
-5
-5
-5
-5
-6
-6
-6
-6
-6
-7
-6
-7
-7
-7
-7
-7
-7
-8
-8
-8
-8
-8
-8
-8
-9
-9
-9
-9
-9
-9
-9
-9
-9
-9
-9
-10
-9
-9
-10
-10
-10
-10
-10
-10
-10
-10
-11
-11
-10
-11
-11
-11
-11
-11
-11
-11
-11
-11
-11
-11
-11
-11
-12
-12
-12
-12
-12
-12
-12
-12
-12
-12
-12
-12
-12
-12
-12
-12
-11
-11
-11
-11
-11
-11
-11
-11
-11
-11
-11
-10
-10
-10
-10
-10
-10
-10
-10
-9
-9
-9
-9
-9
-9
-8
-8
-8
-7
-8
-7
-7
-7
-7
-7
-6
-6
-6
-5
-5
-4
-4
-4
-4
-3
-3
-3
-3
-2
-2
-2
-1
-1
-1
-1
0
0
0
0
1
1
2
2
2
3
3
3
3
3
3
4
4
4
4
4
4
4
3
3
4
4
4
3
4
4
4
4
3
4
4
4
4
4
4
4
4
4
3
4
4
4
4
3
3
3
3
3
4
4
3
4
3
3
3
4
3
3
3
4
4
4
4
4
4
4
4
4
4
4
4
4
4
4
4
4
3
3
3
4
4
4
4
4
3
4
4
4
4
3
4
4
4
3
3
3
3
3
4
3
3
3
4
4
3
3
3
4
3
4
4
3
4
3
4
4
4
3
3
3
3
4
4
4
3
3
3
3
4
3
4
3
3
3
3
3
3
3
3
3
3
3
3
3
4
4
3
3
3
3
4
3
3
3
3
3
3
3
3
3
3
3
3
3
3
3
3
4
3
3
3
3
3
3
4
4
4
4
3
3
3
3
3
3
3
3
3
3
3
3
3
3
3
3
4
3
3
3
3
3
3
3
3
3
3
3
3
3
4
3
4
3
3
3
3
3
3
3